48 4
52 4
50 4
52 4
48 4
52 4
53 4
55 4
57 4
53 4
55 4
53 4
57 4
55 4
53 4
52 4
50 4
53 4
52 4
53 4
50 4
53 4
55 4
57 4
59 4
55 4
57 4
55 4
59 4
57 4
55 4
53 4
52 4
55 4
53 4
55 4
52 4
55 4
57 4
59 4
60 4
57 4
59 4
57 4
60 4
59 4
57 4
55 4
53 4
57 4
55 4
57 4
53 4
57 4
59 4
60 4
62 4
59 4
60 4
59 4
62 4
60 4
59 4
57 4
55 4
59 4
57 4
59 4
55 4
59 4
60 4
62 4
64 4
60 4
62 4
60 4
64 4
62 4
60 4
59 4
57 4
60 4
59 4
60 4
57 4
60 4
62 4
64 4
65 4
62 4
64 4
62 4
65 4
64 4
62 4
60 4
59 4
62 4
60 4
62 4
59 4
62 4
64 4
65 4
67 4
64 4
65 4
64 4
67 4
65 4
64 4
62 4
60 4
64 4
62 4
64 4
60 4
64 4
65 4
67 4
69 4
65 4
67 4
65 4
69 4
67 4
65 4
64 4
62 4
65 4
64 4
65 4
62 4
65 4
67 4
69 4
71 4
67 4
69 4
67 4
71 4
69 4
67 4
65 4
64 4
67 4
65 4
67 4
64 4
67 4
69 4
71 4
72 4
69 4
71 4
69 4
72 4
71 4
69 4
67 4
65 4
69 4
67 4
69 4
65 4
69 4
71 4
72 4
74 4
71 4
72 4
71 4
74 4
72 4
71 4
69 4
67 4
71 4
69 4
71 4
67 4
71 4
72 4
74 4
76 4
72 4
74 4
72 4
76 4
74 4
72 4
71 4
69 4
72 4
71 4
72 4
69 4
72 4
74 4
76 4
77 4
74 4
76 4
74 4
77 4
76 4
74 4
72 4
71 4
74 4
72 4
74 4
71 4
74 4
76 4
77 4
79 4
76 4
77 4
76 4
79 4
77 4
76 4
74 4
79 4
76 4
77 4
76 4
79 4
76 4
74 4
72 4
71 4
74 4
72 4
74 4
71 4
72 4
74 4
76 4
77 4
74 4
76 4
74 4
77 4
74 4
72 4
71 4
69 4
72 4
71 4
72 4
69 4
71 4
72 4
74 4
76 4
72 4
74 4
72 4
76 4
72 4
71 4
69 4
67 4
71 4
69 4
71 4
67 4
69 4
71 4
72 4
74 4
71 4
72 4
71 4
74 4
71 4
69 4
67 4
65 4
69 4
67 4
69 4
65 4
67 4
69 4
71 4
72 4
69 4
71 4
69 4
72 4
69 4
67 4
65 4
64 4
67 4
65 4
67 4
64 4
65 4
67 4
69 4
71 4
67 4
69 4
67 4
71 4
67 4
65 4
64 4
62 4
65 4
64 4
65 4
62 4
64 4
65 4
67 4
69 4
65 4
67 4
65 4
69 4
65 4
64 4
62 4
60 4
64 4
62 4
64 4
60 4
62 4
64 4
65 4
67 4
64 4
65 4
64 4
67 4
64 4
62 4
60 4
59 4
62 4
60 4
62 4
59 4
60 4
62 4
64 4
65 4
62 4
64 4
62 4
65 4
62 4
60 4
59 4
57 4
60 4
59 4
60 4
57 4
59 4
60 4
62 4
64 4
60 4
62 4
60 4
64 4
60 4
59 4
57 4
55 4
59 4
57 4
59 4
55 4
57 4
59 4
60 4
62 4
59 4
60 4
59 4
62 4
59 4
57 4
55 4
53 4
57 4
55 4
57 4
53 4
55 4
57 4
59 4
60 4
57 4
59 4
57 4
60 4
57 4
55 4
53 4
52 4
55 4
53 4
55 4
52 4
53 4
55 4
57 4
59 4
55 4
57 4
55 4
59 4
55 4
53 4
52 4
50 4
53 4
52 4
53 4
50 4
52 4
53 4
55 4
57 4
53 4
55 4
53 4
57 4
53 4
52 4
50 4
48 4
52 4
50 4
52 4
48 4
53 4
52 4
50 4
48 32
