48
50
52
50
48
52
53
55
57
55
53
55
57
55
53
52
50
52
53
52
50
53
55
57
59
57
55
57
59
57
55
53
52
53
55
53
52
55
57
59
60
59
57
59
60
59
57
55
53
55
57
55
53
57
59
60
62
60
59
60
62
60
59
57
55
57
59
57
55
59
60
62
64
62
60
62
64
62
60
59
57
59
60
59
57
60
62
64
65
64
62
64
65
64
62
60
59
60
62
60
59
62
64
65
67
65
64
65
67
65
64
62
60
62
64
62
60
64
65
67
69
67
65
67
69
67
65
64
62
64
65
64
62
65
67
69
71
69
67
69
71
69
67
65
64
65
67
65
64
67
69
71
72
71
69
71
72
71
69
67
65
67
69
67
65
69
71
72
74
72
71
72
74
72
71
69
67
69
71
69
67
71
72
74
76
74
72
74
76
74
72
71
69
71
72
71
69
72
74
76
77
76
74
76
77
76
74
72
71
72
74
72
71
74
76
77
79
77
76
77
79
77
76
74
79
77
76
77
79
76
74
72
71
72
74
72
71
72
74
76
77
76
74
76
77
74
72
71
69
71
72
71
69
71
72
74
76
74
72
74
76
72
71
69
67
69
71
69
67
69
71
72
74
72
71
72
74
71
69
67
65
67
69
67
65
67
69
71
72
71
69
71
72
69
67
65
64
65
67
65
64
65
67
69
71
69
67
69
71
67
65
64
62
64
65
64
62
64
65
67
69
67
65
67
69
65
64
62
60
62
64
62
60
62
64
65
67
65
64
65
67
64
62
60
59
60
62
60
59
60
62
64
65
64
62
64
65
62
60
59
57
59
60
59
57
59
60
62
64
62
60
62
64
60
59
57
55
57
59
57
55
57
59
60
62
60
59
60
62
59
57
55
53
55
57
55
53
55
57
59
60
59
57
59
60
57
55
53
52
53
55
53
52
53
55
57
59
57
55
57
59
55
53
52
50
52
53
52
50
52
53
55
57
55
53
55
57
53
52
50
48
50
52
50
48
50
52
50
48
